0.009362,0.001892,0.003356,0.004735,0.015151,0.003106,0.002355,0.006378,0.009157,0.000192,0.000491,0.004150,0.002625,0.008860,0.007824,0.002120,0.000199,0.008052,0.007807,0.011496,0.002856,0.001342,0.002122,0.000192,0.001801,0.000062,
0.009697,0.001959,0.003476,0.004905,0.015694,0.003217,0.002440,0.006607,0.009485,0.000199,0.000509,0.004299,0.002719,0.009177,0.008104,0.002196,0.000206,0.008340,0.008087,0.011908,0.002958,0.001390,0.002198,0.000199,0.001865,0.000064,
0.009697,0.001960,0.003476,0.004905,0.015695,0.003217,0.002440,0.006607,0.009486,0.000199,0.000509,0.004299,0.002720,0.009178,0.008104,0.002196,0.000206,0.008341,0.008087,0.011908,0.002958,0.001390,0.002198,0.000199,0.001866,0.000064,
0.009627,0.001945,0.003451,0.004870,0.015582,0.003194,0.002422,0.006560,0.009418,0.000197,0.000505,0.004268,0.002700,0.009112,0.008046,0.002181,0.000205,0.008281,0.008029,0.011823,0.002937,0.001380,0.002182,0.000197,0.001852,0.000064,
0.009691,0.001958,0.003474,0.004902,0.015684,0.003215,0.002438,0.006603,0.009479,0.000198,0.000509,0.004296,0.002718,0.009172,0.008099,0.002195,0.000206,0.008335,0.008082,0.011900,0.002956,0.001389,0.002196,0.000199,0.001864,0.000064,
0.009691,0.001958,0.003474,0.004902,0.015685,0.003215,0.002438,0.006603,0.009480,0.000198,0.000509,0.004296,0.002718,0.009172,0.008099,0.002195,0.000206,0.008335,0.008082,0.011901,0.002956,0.001389,0.002196,0.000199,0.001864,0.000064,
0.009669,0.001954,0.003466,0.004891,0.015648,0.003208,0.002433,0.006588,0.009458,0.000198,0.000507,0.004286,0.002712,0.009151,0.008081,0.002190,0.000206,0.008316,0.008063,0.011873,0.002949,0.001386,0.002191,0.000198,0.001860,0.000064,
0.009666,0.001953,0.003465,0.004889,0.015644,0.003207,0.002432,0.006586,0.009455,0.000198,0.000507,0.004285,0.002711,0.009148,0.008078,0.002189,0.000206,0.008314,0.008061,0.011870,0.002949,0.001385,0.002191,0.000198,0.001860,0.000064,
0.009679,0.001956,0.003470,0.004896,0.015665,0.003211,0.002435,0.006595,0.009468,0.000198,0.000508,0.004291,0.002715,0.009161,0.008089,0.002192,0.000206,0.008325,0.008072,0.011886,0.002952,0.001387,0.002194,0.000198,0.001862,0.000064,
0.009646,0.001949,0.003458,0.004879,0.015612,0.003200,0.002427,0.006572,0.009436,0.000198,0.000506,0.004277,0.002705,0.009130,0.008062,0.002185,0.000205,0.008297,0.008045,0.011846,0.002943,0.001383,0.002186,0.000198,0.001856,0.000064,
0.009686,0.001957,0.003472,0.004899,0.015676,0.003214,0.002437,0.006599,0.009475,0.000198,0.000508,0.004294,0.002716,0.009167,0.008095,0.002194,0.000206,0.008331,0.008078,0.011894,0.002955,0.001388,0.002195,0.000199,0.001863,0.000064,
0.009691,0.001958,0.003474,0.004902,0.015685,0.003215,0.002438,0.006603,0.009480,0.000198,0.000509,0.004296,0.002718,0.009172,0.008099,0.002195,0.000206,0.008335,0.008082,0.011901,0.002956,0.001389,0.002196,0.000199,0.001864,0.000064,
0.009615,0.001943,0.003447,0.004864,0.015562,0.003190,0.002419,0.006551,0.009406,0.000197,0.000505,0.004263,0.002697,0.009100,0.008036,0.002178,0.000205,0.008270,0.008019,0.011808,0.002933,0.001378,0.002179,0.000197,0.001850,0.000063,
0.009655,0.001951,0.003461,0.004884,0.015627,0.003203,0.002429,0.006579,0.009445,0.000198,0.000507,0.004281,0.002708,0.009138,0.008069,0.002187,0.000205,0.008305,0.008052,0.011857,0.002945,0.001384,0.002188,0.000198,0.001857,0.000064,
0.009704,0.001961,0.003479,0.004909,0.015706,0.003220,0.002442,0.006612,0.009493,0.000199,0.000509,0.004302,0.002722,0.009185,0.008110,0.002198,0.000206,0.008347,0.008093,0.011917,0.002960,0.001391,0.002199,0.000199,0.001867,0.000064,
0.009672,0.001954,0.003467,0.004892,0.015654,0.003209,0.002433,0.006590,0.009461,0.000198,0.000508,0.004288,0.002713,0.009154,0.008083,0.002191,0.000206,0.008319,0.008066,0.011877,0.002950,0.001386,0.002192,0.000198,0.001861,0.000064,
0.009684,0.001957,0.003472,0.004899,0.015674,0.003213,0.002437,0.006598,0.009473,0.000198,0.000508,0.004293,0.002716,0.009166,0.008094,0.002193,0.000206,0.008330,0.008076,0.011893,0.002954,0.001388,0.002195,0.000199,0.001863,0.000064,
0.009671,0.001954,0.003467,0.004892,0.015652,0.003208,0.002433,0.006589,0.009460,0.000198,0.000508,0.004287,0.002712,0.009153,0.008082,0.002190,0.000206,0.008318,0.008065,0.011876,0.002950,0.001386,0.002192,0.000198,0.001860,0.000064,
0.009707,0.001961,0.003480,0.004910,0.015710,0.003220,0.002442,0.006613,0.009495,0.000199,0.000509,0.004303,0.002722,0.009187,0.008112,0.002198,0.000207,0.008349,0.008095,0.011920,0.002961,0.001391,0.002200,0.000199,0.001867,0.000064,
0.009678,0.001956,0.003469,0.004895,0.015663,0.003211,0.002435,0.006594,0.009467,0.000198,0.000508,0.004290,0.002714,0.009159,0.008088,0.002192,0.000206,0.008324,0.008071,0.011884,0.002952,0.001387,0.002193,0.000198,0.001862,0.000064,
0.009664,0.001953,0.003465,0.004889,0.015642,0.003206,0.002432,0.006585,0.009454,0.000198,0.000507,0.004285,0.002710,0.009147,0.008077,0.002189,0.000206,0.008313,0.008060,0.011868,0.002948,0.001385,0.002190,0.000198,0.001859,0.000064,
0.009678,0.001956,0.003469,0.004895,0.015663,0.003211,0.002435,0.006594,0.009467,0.000198,0.000508,0.004291,0.002714,0.009159,0.008088,0.002192,0.000206,0.008324,0.008071,0.011884,0.002952,0.001387,0.002193,0.000198,0.001862,0.000064,
0.009637,0.001947,0.003455,0.004875,0.015597,0.003197,0.002425,0.006566,0.009427,0.000197,0.000506,0.004272,0.002703,0.009121,0.008054,0.002183,0.000205,0.008289,0.008037,0.011834,0.002940,0.001381,0.002184,0.000198,0.001854,0.000064,
0.009680,0.001956,0.003470,0.004896,0.015666,0.003211,0.002435,0.006595,0.009469,0.000198,0.000508,0.004291,0.002715,0.009161,0.008090,0.002192,0.000206,0.008326,0.008073,0.011887,0.002953,0.001387,0.002194,0.000198,0.001862,0.000064,
0.009661,0.001952,0.003463,0.004887,0.015637,0.003205,0.002431,0.006583,0.009451,0.000198,0.000507,0.004283,0.002710,0.009144,0.008075,0.002188,0.000206,0.008310,0.008057,0.011864,0.002947,0.001385,0.002190,0.000198,0.001859,0.000064,
0.009645,0.001949,0.003457,0.004878,0.015610,0.003200,0.002427,0.006571,0.009434,0.000197,0.000506,0.004276,0.002705,0.009128,0.008061,0.002184,0.000205,0.008295,0.008043,0.011844,0.002942,0.001382,0.002186,0.000198,0.001855,0.000064,


A^(2^10)
eigenvals
[-0.0567610815900071 + 0.181384426955451*I],
[-0.0587927613376019 + 0.187876816748801*I],
[-0.0587965470725554 + 0.187888914357689*I],
[-0.0583736848817316 + 0.186537625516548*I],
[-0.0587561974216881 + 0.187759973927109*I],
[-0.0587596410595685 + 0.187770978338337*I],
[-0.0586226189682617 + 0.187333113646268*I],
[ -0.0586079665755917 + 0.18728629079206*I],
[-0.0586854929536333 + 0.187534032330119*I],
[-0.0584881600166771 + 0.186903439665452*I],
[  -0.058727944644481 + 0.18766968999206*I],
[-0.0587582978595366 + 0.187766686038733*I],
[-0.0582995450884409 + 0.186300706072029*I],
[-0.0585425141218904 + 0.187077132413205*I],
[-0.0588394592217923 + 0.188026043450031*I],
[  -0.0586426420547121 + 0.1873970989679*I],
[-0.0587188509575642 + 0.187640630412078*I],
[-0.0586356845054247 + 0.187374865580953*I],
[-0.0588534739610561 + 0.188070828633454*I],
[-0.0586771748378894 + 0.187507451147815*I],
[ -0.058598027785027 + 0.187254530617999*I],
[-0.0586782866586203 + 0.187511004056965*I],
[-0.0584307319234043 + 0.186719923751068*I],
[-0.0586901869557398 + 0.187549032376954*I],
[-0.0585796098539547 + 0.187195674694544*I],
[-0.0584775008124112 + 0.186869377353681*I]])]