#=================              ==================
#================= get last bit ==================
#=================              ==================

#======================  n = 2  =======================
n = 2

F = 0 , c = 0
0 0 0 0
0 0 0 0
degree of polynomial = 0
################################============================################################

F = 12 , c = 1
0 0 1 1
0 0 1 0
degree of polynomial = 1
################################============================################################

F = 10 , c = 2
0 1 0 1
0 1 0 0
degree of polynomial = 1
################################============================################################

F = 6 , c = 3
0 1 1 0
0 1 1 0
degree of polynomial = 1
################################============================################################

#======================  n = 3  =======================

F = 0 , c = 0
0 0 0 0 0 0 0 0
0 0 0 0 0 0 0 0
degree of polynomial = 0
################################============================################################

F = 240 , c = 1
0 0 0 0 1 1 1 1
0 0 0 0 1 0 0 0
degree of polynomial = 1
################################============================################################

F = 204 , c = 2
0 0 1 1 0 0 1 1
0 0 1 0 0 0 0 0
degree of polynomial = 1
################################============================################################

F = 180 , c = 3
0 0 1 0 1 1 0 1
0 0 1 1 1 0 0 0
degree of polynomial = 2
################################============================################################

F = 170 , c = 4
0 1 0 1 0 1 0 1
0 1 0 0 0 0 0 0
degree of polynomial = 1
################################============================################################

F = 90 , c = 5
0 1 0 1 1 0 1 0
0 1 0 0 1 0 0 0
degree of polynomial = 1
################################============================################################

F = 102 , c = 6
0 1 1 0 0 1 1 0
0 1 1 0 0 0 0 0
degree of polynomial = 1
################################============================################################

F = 30 , c = 7
0 1 1 1 1 0 0 0
0 1 1 1 1 0 0 0
degree of polynomial = 2
################################============================################################


#======================  n = 4  =======================

F = 0 , c = 0
0 0 0 0 0 0 0 0 0 0 0 0 0 0 0 0
0 0 0 0 0 0 0 0 0 0 0 0 0 0 0 0
degree of polynomial = 0
################################============================################################

F = 65280 , c = 1
0 0 0 0 0 0 0 0 1 1 1 1 1 1 1 1
0 0 0 0 0 0 0 0 1 0 0 0 0 0 0 0
degree of polynomial = 1
################################============================################################

F = 61680 , c = 2
0 0 0 0 1 1 1 1 0 0 0 0 1 1 1 1
0 0 0 0 1 0 0 0 0 0 0 0 0 0 0 0
degree of polynomial = 1
################################============================################################

F = 51000 , c = 3
0 0 0 1 1 1 0 0 1 1 1 0 0 0 1 1
0 0 0 1 1 0 1 1 1 0 0 0 0 0 0 0
degree of polynomial = 3
################################============================################################

F = 52428 , c = 4
0 0 1 1 0 0 1 1 0 0 1 1 0 0 1 1
0 0 1 0 0 0 0 0 0 0 0 0 0 0 0 0
degree of polynomial = 1
################################============================################################

F = 37740 , c = 5
0 0 1 1 0 1 1 0 1 1 0 0 1 0 0 1
0 0 1 0 0 1 0 0 1 0 0 0 0 0 0 0
degree of polynomial = 2
################################============================################################

F = 46260 , c = 6
0 0 1 0 1 1 0 1 0 0 1 0 1 1 0 1
0 0 1 1 1 0 0 0 0 0 0 0 0 0 0 0
degree of polynomial = 2
################################============================################################

F = 43860 , c = 7
0 0 1 0 1 0 1 0 1 1 0 1 0 1 0 1
0 0 1 1 1 1 1 1 1 0 0 0 0 0 0 0
degree of polynomial = 3
################################============================################################

F = 43690 , c = 8
0 1 0 1 0 1 0 1 0 1 0 1 0 1 0 1
0 1 0 0 0 0 0 0 0 0 0 0 0 0 0 0
degree of polynomial = 1
################################============================################################

F = 21930 , c = 9
0 1 0 1 0 1 0 1 1 0 1 0 1 0 1 0
0 1 0 0 0 0 0 0 1 0 0 0 0 0 0 0
degree of polynomial = 1
################################============================################################

F = 23130 , c = 10
0 1 0 1 1 0 1 0 0 1 0 1 1 0 1 0
0 1 0 0 1 0 0 0 0 0 0 0 0 0 0 0
degree of polynomial = 1
################################============================################################

F = 28050 , c = 11
0 1 0 0 1 0 0 1 1 0 1 1 0 1 1 0
0 1 0 1 1 0 1 1 1 0 0 0 0 0 0 0
degree of polynomial = 3
################################============================################################

F = 26214 , c = 12
0 1 1 0 0 1 1 0 0 1 1 0 0 1 1 0
0 1 1 0 0 0 0 0 0 0 0 0 0 0 0 0
degree of polynomial = 1
################################============================################################

F = 14790 , c = 13
0 1 1 0 0 0 1 1 1 0 0 1 1 1 0 0
0 1 1 0 0 1 0 0 1 0 0 0 0 0 0 0
degree of polynomial = 2
################################============================################################

F = 7710 , c = 14
0 1 1 1 1 0 0 0 0 1 1 1 1 0 0 0
0 1 1 1 1 0 0 0 0 0 0 0 0 0 0 0
degree of polynomial = 2
################################============================################################

F = 510 , c = 15
0 1 1 1 1 1 1 1 1 0 0 0 0 0 0 0
0 1 1 1 1 1 1 1 1 0 0 0 0 0 0 0
degree of polynomial = 3
################################============================################################

#======================  n = 5  =======================

F = 0 , c = 0
0 0 0 0 0 0 0 0 0 0 0 0 0 0 0 0 0 0 0 0 0 0 0 0 0 0 0 0 0 0 0 0
0 0 0 0 0 0 0 0 0 0 0 0 0 0 0 0 0 0 0 0 0 0 0 0 0 0 0 0 0 0 0 0
degree of polynomial = 0
################################============================################################

F = 4294901760 , c = 1
0 0 0 0 0 0 0 0 0 0 0 0 0 0 0 0 1 1 1 1 1 1 1 1 1 1 1 1 1 1 1 1
0 0 0 0 0 0 0 0 0 0 0 0 0 0 0 0 1 0 0 0 0 0 0 0 0 0 0 0 0 0 0 0
degree of polynomial = 1
################################============================################################

F = 4278255360 , c = 2
0 0 0 0 0 0 0 0 1 1 1 1 1 1 1 1 0 0 0 0 0 0 0 0 1 1 1 1 1 1 1 1
0 0 0 0 0 0 0 0 1 0 0 0 0 0 0 0 0 0 0 0 0 0 0 0 0 0 0 0 0 0 0 0
degree of polynomial = 1
################################============================################################

F = 4164880320 , c = 3
0 0 0 0 0 0 1 1 1 1 1 0 0 0 0 0 1 1 1 1 1 1 0 0 0 0 0 1 1 1 1 1
0 0 0 0 0 0 1 0 1 0 0 1 1 0 1 1 1 0 0 0 0 0 0 0 0 0 0 0 0 0 0 0
degree of polynomial = 4
################################============================################################

F = 4042322160 , c = 4
0 0 0 0 1 1 1 1 0 0 0 0 1 1 1 1 0 0 0 0 1 1 1 1 0 0 0 0 1 1 1 1
0 0 0 0 1 0 0 0 0 0 0 0 0 0 0 0 0 0 0 0 0 0 0 0 0 0 0 0 0 0 0 0
degree of polynomial = 1
################################============================################################

F = 3817806960 , c = 5
0 0 0 0 1 1 1 0 0 0 1 1 1 0 0 0 1 1 1 1 0 0 0 1 1 1 0 0 0 1 1 1
0 0 0 0 1 0 0 1 0 0 1 0 0 1 0 0 1 0 0 0 0 0 0 0 0 0 0 0 0 0 0 0
degree of polynomial = 3
################################============================################################

F = 3342387000 , c = 6
0 0 0 1 1 1 0 0 1 1 1 0 0 0 1 1 0 0 0 1 1 1 0 0 1 1 1 0 0 0 1 1
0 0 0 1 1 0 1 1 1 0 0 0 0 0 0 0 0 0 0 0 0 0 0 0 0 0 0 0 0 0 0 0
degree of polynomial = 3
################################============================################################

F = 3429315480 , c = 7
0 0 0 1 1 0 0 1 1 1 0 0 1 1 0 0 1 1 1 0 0 1 1 0 0 0 1 1 0 0 1 1
0 0 0 1 1 1 1 1 1 0 1 1 1 1 1 1 1 0 0 0 0 0 0 0 0 0 0 0 0 0 0 0
degree of polynomial = 4
################################============================################################

F = 3435973836 , c = 8
0 0 1 1 0 0 1 1 0 0 1 1 0 0 1 1 0 0 1 1 0 0 1 1 0 0 1 1 0 0 1 1
0 0 1 0 0 0 0 0 0 0 0 0 0 0 0 0 0 0 0 0 0 0 0 0 0 0 0 0 0 0 0 0
degree of polynomial = 1
################################============================################################

F = 2570282700 , c = 9
0 0 1 1 0 0 1 1 0 1 1 0 0 1 1 0 1 1 0 0 1 1 0 0 1 0 0 1 1 0 0 1
0 0 1 0 0 0 0 0 0 1 0 0 0 0 0 0 1 0 0 0 0 0 0 0 0 0 0 0 0 0 0 0
degree of polynomial = 2
################################============================################################

F = 2473366380 , c = 10
0 0 1 1 0 1 1 0 1 1 0 0 1 0 0 1 0 0 1 1 0 1 1 0 1 1 0 0 1 0 0 1
0 0 1 0 0 1 0 0 1 0 0 0 0 0 0 0 0 0 0 0 0 0 0 0 0 0 0 0 0 0 0 0
degree of polynomial = 2
################################============================################################

F = 3067824420 , c = 11
0 0 1 0 0 1 0 0 1 0 0 1 0 0 1 0 1 1 0 1 1 0 1 1 0 1 1 0 1 1 0 1
0 0 1 1 0 1 1 0 1 1 0 1 1 0 1 1 1 0 0 0 0 0 0 0 0 0 0 0 0 0 0 0
degree of polynomial = 4
################################============================################################

F = 3031741620 , c = 12
0 0 1 0 1 1 0 1 0 0 1 0 1 1 0 1 0 0 1 0 1 1 0 1 0 0 1 0 1 1 0 1
0 0 1 1 1 0 0 0 0 0 0 0 0 0 0 0 0 0 0 0 0 0 0 0 0 0 0 0 0 0 0 0
degree of polynomial = 2
################################============================################################

F = 2909491860 , c = 13
0 0 1 0 1 0 0 1 0 1 0 0 1 0 1 0 1 1 0 1 0 1 1 0 1 0 1 1 0 1 0 1
0 0 1 1 1 1 0 1 0 1 1 0 0 1 0 0 1 0 0 0 0 0 0 0 0 0 0 0 0 0 0 0
degree of polynomial = 3
################################============================################################

F = 2874452820 , c = 14
0 0 1 0 1 0 1 0 1 1 0 1 0 1 0 1 0 0 1 0 1 0 1 0 1 1 0 1 0 1 0 1
0 0 1 1 1 1 1 1 1 0 0 0 0 0 0 0 0 0 0 0 0 0 0 0 0 0 0 0 0 0 0 0
degree of polynomial = 3
################################============================################################

F = 2863355220 , c = 15
0 0 1 0 1 0 1 0 1 0 1 0 1 0 1 0 1 1 0 1 0 1 0 1 0 1 0 1 0 1 0 1
0 0 1 1 1 1 1 1 1 1 1 1 1 1 1 1 1 0 0 0 0 0 0 0 0 0 0 0 0 0 0 0 
degree of polynomial = 4
################################============================################################

F = 2863311530 , c = 16
0 1 0 1 0 1 0 1 0 1 0 1 0 1 0 1 0 1 0 1 0 1 0 1 0 1 0 1 0 1 0 1
0 1 0 0 0 0 0 0 0 0 0 0 0 0 0 0 0 0 0 0 0 0 0 0 0 0 0 0 0 0 0 0
degree of polynomial = 1
################################============================################################

F = 1431677610 , c = 17
0 1 0 1 0 1 0 1 0 1 0 1 0 1 0 1 1 0 1 0 1 0 1 0 1 0 1 0 1 0 1 0
0 1 0 0 0 0 0 0 0 0 0 0 0 0 0 0 1 0 0 0 0 0 0 0 0 0 0 0 0 0 0 0
degree of polynomial = 1
################################============================################################

F = 1437226410 , c = 18
0 1 0 1 0 1 0 1 1 0 1 0 1 0 1 0 0 1 0 1 0 1 0 1 1 0 1 0 1 0 1 0
0 1 0 0 0 0 0 0 1 0 0 0 0 0 0 0 0 0 0 0 0 0 0 0 0 0 0 0 0 0 0 0
degree of polynomial = 1
################################============================################################

F = 1385540970 , c = 19
0 1 0 1 0 1 1 0 1 0 1 1 0 1 0 1 1 0 1 0 1 0 0 1 0 1 0 0 1 0 1 0
0 1 0 0 0 0 1 0 1 0 0 1 1 0 1 1 1 0 0 0 0 0 0 0 0 0 0 0 0 0 0 0
degree of polynomial = 4
################################============================################################

F = 1515870810 , c = 20
0 1 0 1 1 0 1 0 0 1 0 1 1 0 1 0 0 1 0 1 1 0 1 0 0 1 0 1 1 0 1 0
0 1 0 0 1 0 0 0 0 0 0 0 0 0 0 0 0 0 0 0 0 0 0 0 0 0 0 0 0 0 0 0
degree of polynomial = 1
################################============================################################

F = 1227208410 , c = 21
0 1 0 1 1 0 1 1 0 1 1 0 1 1 0 1 1 0 1 0 0 1 0 0 1 0 0 1 0 0 1 0
0 1 0 0 1 0 0 1 0 0 1 0 0 1 0 0 1 0 0 0 0 0 0 0 0 0 0 0 0 0 0 0
degree of polynomial = 3
################################============================################################

F = 1838312850 , c = 22
0 1 0 0 1 0 0 1 1 0 1 1 0 1 1 0 0 1 0 0 1 0 0 1 1 0 1 1 0 1 1 0
0 1 0 1 1 0 1 1 1 0 0 0 0 0 0 0 0 0 0 0 0 0 0 0 0 0 0 0 0 0 0 0
degree of polynomial = 3
################################============================################################

F = 1724750130 , c = 23
0 1 0 0 1 1 0 0 1 0 0 1 1 0 0 1 1 0 1 1 0 0 1 1 0 1 1 0 0 1 1 0
0 1 0 1 1 1 1 1 1 0 1 1 1 1 1 1 1 0 0 0 0 0 0 0 0 0 0 0 0 0 0 0
degree of polynomial = 4
################################============================################################

F = 1717986918 , c = 24
0 1 1 0 0 1 1 0 0 1 1 0 0 1 1 0 0 1 1 0 0 1 1 0 0 1 1 0 0 1 1 0
0 1 1 0 0 0 0 0 0 0 0 0 0 0 0 0 0 0 0 0 0 0 0 0 0 0 0 0 0 0 0 0
degree of polynomial = 1
################################============================################################

F = 865717350 , c = 25
0 1 1 0 0 1 1 0 0 0 1 1 0 0 1 1 1 0 0 1 1 0 0 1 1 1 0 0 1 1 0 0
0 1 1 0 0 0 0 0 0 1 0 0 0 0 0 0 1 0 0 0 0 0 0 0 0 0 0 0 0 0 0 0
degree of polynomial = 2
################################============================################################

F = 969292230 , c = 26
0 1 1 0 0 0 1 1 1 0 0 1 1 1 0 0 0 1 1 0 0 0 1 1 1 0 0 1 1 1 0 0 
0 1 1 0 0 1 0 0 1 0 0 0 0 0 0 0 0 0 0 0 0 0 0 0 0 0 0 0 0 0 0 0
degree of polynomial = 2
################################============================################################

F = 477225870 , c = 27
0 1 1 1 0 0 0 1 1 1 0 0 0 1 1 1 1 0 0 0 1 1 1 0 0 0 1 1 1 0 0 0
0 1 1 1 0 1 1 0 1 1 0 1 1 0 1 1 1 0 0 0 0 0 0 0 0 0 0 0 0 0 0 0
degree of polynomial = 4
################################============================################################

F = 505290270 , c = 28
0 1 1 1 1 0 0 0 0 1 1 1 1 0 0 0 0 1 1 1 1 0 0 0 0 1 1 1 1 0 0 0
0 1 1 1 1 0 0 0 0 0 0 0 0 0 0 0 0 0 0 0 0 0 0 0 0 0 0 0 0 0 0 0
degree of polynomial = 2
################################============================################################

F = 130152510 , c = 29
0 1 1 1 1 1 0 0 0 0 0 1 1 1 1 1 1 0 0 0 0 0 1 1 1 1 1 0 0 0 0 0
0 1 1 1 1 1 0 1 0 1 1 0 0 1 0 0 1 0 0 0 0 0 0 0 0 0 0 0 0 0 0 0
degree of polynomial = 3
################################============================################################

F = 33423870 , c = 30
0 1 1 1 1 1 1 1 1 0 0 0 0 0 0 0 0 1 1 1 1 1 1 1 1 0 0 0 0 0 0 0
0 1 1 1 1 1 1 1 1 0 0 0 0 0 0 0 0 0 0 0 0 0 0 0 0 0 0 0 0 0 0 0
degree of polynomial = 3
################################============================################################

F = 131070 , c = 31
0 1 1 1 1 1 1 1 1 1 1 1 1 1 1 1 1 0 0 0 0 0 0 0 0 0 0 0 0 0 0 0
0 1 1 1 1 1 1 1 1 1 1 1 1 1 1 1 1 0 0 0 0 0 0 0 0 0 0 0 0 0 0 0
degree of polynomial = 4
################################============================################################